1월 1주차	2026-01-05																								
	정보		점수																						
	번호	이름	1게임	2게임	3게임	4게임	5게임	합계	평균	등수	포인트	비고	게임 수												
	1	전형서	192	237	172	215		816	204	3 			4												
	2	유기환	238	201	177	209		825	206.25	2 			4												
	3	주성연	259	228	177	191		855	213.75	1 			4												
	4	여선주	215	172	200	171		758	189.5	7 			4												
	5	김엘리사	154	150	134	180		618	154.5	10 			4												
	6	심대승	192	240	172	189		793	198.25	5 			4												
	7	양승우	180	157	217	184		738	184.5	8 			4												
	8	이무석	170	203	188	218		779	194.75	6 			4												
	9	박남석	186	202	223	201		812	203	4 			4												
	10	정귀진	144	138	189	149		620	155	9 			4												
	11	형지영		122	150	172		444	148	11 			3												
	12							0	0	0 															
	13							0	0	0 															
	14							0	0	0 															
1월 2주차	2026-01-12																								
	정보		점수																						
	번호	이름	1게임	2게임	3게임	4게임	5게임	합계	평균	등수	포인트	비고	게임 수												
	1	배세영	211	224	257	170		862	215.5	2 			4												
	2	박남석	156	154	196	251		757	189.25	5 			4												
	3	양승우	203	211	150	188		752	188	7 			4												
	4	이무석	201	170	194	204		769	192.25	4 			4												
	5	한미화	161	187	205	171		724	181	8 			4												
	6	양설희	143	146	138			427	142.3333333	12 			3												
	7	심대승	239	266	183	279		967	241.75	1 			4												
	8	정귀진	134	192	168	174		668	167	11 			4												
	9	이성현	180	160	160	189		689	172.25	9 			4												
	10	유기환	233	172	207	222		834	208.5	3 			4												
	11	전주원	208	191	175	181		755	188.75	6 			4												
	12	형지영		135	164	211		510	170	10 			3												
	13							0	0	0 															
	14							0	0	0 															
1월 3주차	2026-01-19																								
	정보		점수																						
	번호	이름	1게임	2게임	3게임	4게임	5게임	합계	평균	등수	포인트	비고	게임 수												
	1	이정섭	226	256	195	192		869	217.25	2 			4												
	2	형지영		125	143	104		372	124	12 			3												
	3	박남석	168	203	179	180		730	182.5	8 			4												
	4	이무석	199	245	173	172		789	197.25	4 			4												
	5	전주원	177	154	143	153		627	156.75	11 			4												
	6	한미화			235	179		414	207	3 			2												
	7	심대승			177	270		447	223.5	1 			2												
	8	유제민		195	134	180		509	169.6666667	10 			3												
	9	김미옥		198	171	194		563	187.6666667	5 			3												
	10	유기환	183	206	148	187		724	181	9 			4												
	11	양승우	159	205	198	176		738	184.5	6 			4												
	12	정귀진	201	205	172	160		738	184.5	6 			4												
	13							0	0	0 															
	14							0	0	0 															
1월 4주차	2026-01-26																								
	정보		점수																						
	번호	이름	1게임	2게임	3게임	4게임	5게임	합계	평균	등수	포인트	비고	게임 수												
	1	이정섭	188	257	212	195		852	213	1 			4												
	2	유기환	128	187	180	237		732	183	7 			4												
	3	이성현	141	210	214	144		709	177.25	8 			4												
	4	한미화	153	165				318	159	10 			2												
	5	주성연		162	205	198		565	188.3333333	6 			3												
	6	전주원		143	158	155		456	152	12 			3												
	7	심대승	203	203	155	226		787	196.75	4 			4												
	8	여선주	187	217	164	212		780	195	5 			4												
	9	정귀진	156	188	172	124		640	160	9 			4												
	10	권준하	181	214	222	179		796	199	3 			4												
	11	형지영		181	144	147		472	157.3333333	11 			3												
	12	전형서		224	179	211		614	204.6666667	2 			3												
	13							0	0	0 															
	14							0	0	0 															
2월 1주차	2026-02-02																								
	정보		점수																						
	번호	이름	1게임	2게임	3게임	4게임	5게임	합계	평균	등수	포인트	비고	게임 수												
	1	이정섭	216	193	158	192		759	189.75	5 			4												
	2	양승우	137	164	196	159		656	164	11 			4												
	3	여선주	205	187	229	171		792	198	4 			4												
	4	형지영	142	163	150	190		645	161.25	12 			4												
	5	주성연		195	227	204		626	208.6666667	1 			3												
	6	전형서	204	195	203	217		819	204.75	2 			4												
	7	유기환	169	135	138	280		722	180.5	8 			4												
	8	박남석	187	160	171	219		737	184.25	7 			4												
	9	전주원	171	170	164	170		675	168.75	10 			4												
	10	배세영			195	155		350	175	9 			2												
	11	심대승			201	199		400	200	3 			2												
	12	최신현		169	218	168		555	185	6 			3												
	13							0	0	0 															
	14							0	0	0 															
2월 2주차	2026-02-09																								
	정보		점수																						
	번호	이름	1게임	2게임	3게임	4게임	5게임	합계	평균	등수	포인트	비고	게임 수												
	1	이무석	211	234	189	191		825	206.25	1 															
	2	이세찬	135	177	226	198		736	184	6 															
	3	양승우	178	234	170	159		741	185.25	5 															
	4	정귀진	125	176	169	212		682	170.5	9 															
	5	전형서	182	201	189	185		757	189.25	4 															
	6	유기환	207	184	192	199		782	195.5	2 															
	7	형지영	172	174	164	183		693	173.25	7 															
	8	유제민	136	158	185	166		645	161.25	10 															
	9	이성현	192	158	143	197		690	172.5	8 			4												
	10	박남석		198	194	176		568	189.3333333	3 			3												
	11	김엘리사		158	114	179		451	150.3333333	11 			3												
	12							0	0	0 															
	13							0	0	0 															
	14							0	0	0 															
2월 3주차	2026-02-16		(설명절)																						
	정보		점수																						
	번호	이름	1게임	2게임	3게임	4게임	5게임	합계	평균	등수	포인트	비고	게임 수												
	1							0	0	0 															
	2							0	0	0 															
	3							0	0	0 															
	4							0	0	0 															
	5							0	0	0 															
	6							0	0	0 															
	7							0	0	0 															
	8							0	0	0 															
	9							0	0	0 															
	10							0	0	0 															
	11							0	0	0 															
	12							0	0	0 															
	13							0	0	0 															
	14							0	0	0 															
2월 4주차	2026-02-23																								
	정보		점수																						
	번호	이름	1게임	2게임	3게임	4게임	5게임	합계	평균	등수	포인트	비고	게임 수												
	1	민형석	200	185	180	215		780	195	6 															
	2	여선주	206	185	172	176		739	184.75	9 															
	3	전주원	152	165	208	208		733	183.25	10 															
	4	이무석	199	189	205	204		797	199.25	5 															
	5	전형서	232	214	179	257		882	220.5	1 															
	6	정귀진	189	211	202	178		780	195	6 															
	7	유기환	151	170	228	214		763	190.75	8 			4												
	8	이승우	176	158	192	131		657	164.25	12 			4												
	9	이정섭	170	216	258	160		804	201	3 			4												
	10	박남석	236	182	171	210		799	199.75	4 			4												
	11	주성연		182	239	204		625	208.3333333	2 			3												
	12	유제민		165	200	151		516	172	11 			3												
	13							0	0	0 															
	14							0	0	0 															
3월 1주차	2026-03-02		(삼일절)																						
	정보		점수																						
	번호	이름	1게임	2게임	3게임	4게임	5게임	합계	평균	등수	포인트	비고	게임 수												
	1							0	0	0 															
	2							0	0	0 															
	3							0	0	0 															
	4							0	0	0 															
	5							0	0	0 															
	6							0	0	0 															
	7							0	0	0 															
	8							0	0	0 															
	9							0	0	0 															
	10							0	0	0 															
	11							0	0	0 															
	12							0	0	0 															
	13							0	0	0 															
	14							0	0	0 															
3월 2주차	2026-03-09																								
	정보		점수																						
	번호	이름	1게임	2게임	3게임	4게임	5게임	합계	평균	등수	포인트	비고	게임 수												
	1	전형서	210	229	196	210		845	211.25	3 			4												
	2	이무석	223	139	158	160		680	170	10 			4												
	3	유제민	176	156	134	120		586	146.5	12 			4												
	4	전준수	194	224	246	204		868	217	2 			4												
	5	유기환	158	239	146	193		736	184	8 			4												
	6	최신현		220	190	187		597	199	5 			3												
	7	이정섭	226	180	204	204		814	203.5	4 			4												
	8	여선주	169	227	251	224		871	217.75	1 			4												
	9	형지영	207	194	141	160		702	175.5	9 			4												
	10	이성현	200	168	235	183		786	196.5	6 			4												
	11	박남석		160	223	199		582	194	7 			3												
	12	권준하		148	143	170		461	153.6666667	11 			3												
	13							0	0	0 															
	14							0	0	0 															
3월 3주차	2026-03-16																								
	정보		점수																						
	번호	이름	1게임	2게임	3게임	4게임	5게임	합계	평균	등수	포인트	비고	게임 수												
	1	전형서	245	226	234	275		980	245	1 			4												
	2	이무석	159	166	234	155		714	178.5	6 			4												
	3	전주원	169	201	169	218		757	189.25	4 			4												
	4	이세찬	153	143	149	134		579	144.75	8 			4												
	5	이정섭	214	256	238	207		915	228.75	2 			4												
	6	유기환	189	135	185	194		703	175.75	7 			4												
	7	최민우	189	203	201	171		764	191	3 			4												
	8	형지영		209	180	148		537	179	5 			3												
	9							0	0	0 															
	10							0	0	0 															
	11							0	0	0 															
	12							0	0	0 															
	13							0	0	0 															
	14							0	0	0 															
3월 4주차	2026-03-23																								
	정보		점수																						
	번호	이름	1게임	2게임	3게임	4게임	5게임	합계	평균	등수	포인트	비고	게임 수												
	1	김미옥		111	139			250	125	13 			2												
	2	김엘리사		153	189	162		504	168	9 			3												
	3	박남석		160	190	184		534	178	8 			3												
	4	여선주	215	185	200	170		770	192.5	5 			4												
	5	유기환	145	198	221	235		799	199.75	3 			4												
	6	이무석	137	124	141	168		570	142.5	11 			4												
	7	이세찬	117	124	151	157		549	137.25	12 			4												
	8	이정섭	235	177	255	267		934	233.5	1 			4												
	9	전주원	195	190	194			579	193	4 			3												
	10	전형서	258	221	188	194		861	215.25	2 			4												
	11	정귀진	178	180	193	171		722	180.5	7 			4												
	12	주성연		205	187	182		574	191.3333333	6 			3												
	13	최민우				147		147	147	10 			1												
	14							0	0	0 															
3월 5주차	2026-03-30																								
	정보		점수																						
	번호	이름	1게임	2게임	3게임	4게임	5게임	합계	평균	등수	포인트	비고	게임 수												
	1	심대승	195	158	154			507	169	5 			3												
	2	여선주	216	166	183			565	188.3333333	4 			3												
	3	전주원	148	147	162			457	152.3333333	7 			3												
	4	이무석	147	224	198			569	189.6666667	3 			3												
	5	이정섭	194	299	178			671	223.6666667	1 			3												
	6	배세영	198	230	227			655	218.3333333	2 			3												
	7	유제민	126	157	157			440	146.6666667	8 			3												
	8	이성현	172	181	113			466	155.3333333	6 			3												
	9							0	0	0 															
	10							0	0	0 															
	11							0	0	0 															
	12							0	0	0 															
	13							0	0	0 															
	14							0	0	0 															
4월 1주차	2026-04-06																								
	정보		점수																						
	번호	이름	1게임	2게임	3게임	4게임	5게임	합계	평균	등수	포인트	비고	게임 수												
	1	이정섭	194	193	276	190		853	213.25	1 			4												
	2	여선주	176	207	214	215		812	203	4 			4												
	3	정귀진	224	157	197	182		760	190	6 			4												
	4	박남석		223	149	195		567	189	7 			3												
	5	주성연		204	194	226		624	208	3 			3												
	6	전형서	232	233	217	167		849	212.25	2 			4												
	7	유기환	150	243	202	214		809	202.25	5 			4												
	8	오주환	172	162	160	155		649	162.25	10 			4												
	9	형지영		166	128	193		487	162.3333333	9 			3												
	10	김엘리사		153	165	175		493	164.3333333	8 			3												
	11							0	0	0 															
	12							0	0	0 															
	13							0	0	0 															
	14							0	0	0 															
4월 2주차	2026-04-13																								
	정보		점수																						
	번호	이름	1게임	2게임	3게임	4게임	5게임	합계	평균	등수	포인트	비고	게임 수												
	1	이무석	194	181	174	165		714	178.5	7 			4												
	2	박남석	197	185	219	183		784	196	3 			4												
	3	전형서	197	263	221	184		865	216.25	1 			4												
	4	김엘리사	172	208	161	162		703	175.75	8 			4												
	5	김미옥			147	228		375	187.5	5 			2												
	6	유기환	193	168	171	201		733	183.25	6 			4												
	7	정귀진	156	215	212	184		767	191.75	4 			4												
	8	이정섭	158	235	235	200		828	207	2 			4												
	9	양승우	153	156	160	159		628	157	9 			4												
	10	형지영		115	166	130		411	137	10 			3												
	11							0	0	0 															
	12							0	0	0 															
	13							0	0	0 															
	14							0	0	0 															
4월 3주차	2026-04-20																								
	정보		점수																						
	번호	이름	1게임	2게임	3게임	4게임	5게임	합계	평균	등수	포인트	비고	게임 수												
	1	전형서	224	234	204	225		887	221.75	1 			4												
	2	유기환	171	234	210	203		818	204.5	2 			4												
	3	박남석	133	147	183	124		587	146.75	6 			4												
	4	이무석	159	223	201	189		772	193	3 			4												
	5	권준하	134	148	145	152		579	144.75	7 			4												
	6	김엘리사	160	139	180	157		636	159	4 			4												
	7	형지영	153	159	108	202		622	155.5	5 			4												
	8							0	0	0 															
	9							0	0	0 															
	10							0	0	0 															
	11							0	0	0 															
	12							0	0	0 															
	13							0	0	0 															
	14							0	0	0 															
4월 4주차	2026-04-27																								
	정보		점수																						
	번호	이름	1게임	2게임	3게임	4게임	5게임	합계	평균	등수	포인트	비고	게임 수												
	1	전형서	211	190	234	255		890	222.5	1 			4												
	2	유기환	209	192	212	191		804	201	3 			4												
	3	정귀진	143	175	156	146		620	155	8 			4												
	4	박남석	124	145	143	145		557	139.25	9 			4												
	5	여선주	180	225	211	270		886	221.5	2 			4												
	6	이무석	214	162	191	196		763	190.75	6 			4												
	7	전주원	236	160	221	186		803	200.75	4 			4												
	8	배세영	179	226	192	175		772	193	5 			4												
	9	형지영			180	166		346	173	7 			2												
	10							0	0	0 															
	11							0	0	0 															
	12							0	0	0 															
	13							0	0	0 															
	14							0	0	0 															
5월 1주차	2026-05-04																								
	정보		점수																						
	번호	이름	1게임	2게임	3게임	4게임	5게임	합계	평균	등수	포인트	비고	게임 수												
	1							0	0	0 															
	2							0	0	0 															
	3							0	0	0 															
	4							0	0	0 															
	5							0	0	0 															
	6							0	0	0 															
	7							0	0	0 															
	8							0	0	0 															
	9							0	0	0 															
	10							0	0	0 															
	11							0	0	0 															
	12							0	0	0 															
	13							0	0	0 															
	14							0	0	0 															
5월 2주차	2026-05-11																								
	정보		점수																						
	번호	이름	1게임	2게임	3게임	4게임	5게임	합계	평균	등수	포인트	비고	게임 수												
	1	배세영	153	108	163	150		574	143.5	11 			4												
	2	박남석	171	289	256	210		926	231.5	1 			4												
	3	정귀진	171	162	204	181		718	179.5	7 			4												
	4	전형서	221	205	192	266		884	221	2 			4												
	5	김엘리사	163	163	168	151		645	161.25	10 			4												
	6	이성현		213	206	181		600	200	4 			3												
	7	유기환	170	170	226	176		742	185.5	6 			4												
	8	이무석	177	190	169	168		704	176	8 			4												
	9	양승우	172	160	154	164		650	162.5	9 			4												
	10	이정섭	229	191	213	189		822	205.5	3 			4												
	11	형지영	170	137	108	150		565	141.25	12 			4												
	12	전주원	191	169	225	215		800	200	4 			4												
	13							0	0	0 															
	14							0	0	0 															
5월 3주차	2026-05-18		(교류전)																						
	정보		점수																						
	번호	이름	1게임	2게임	3게임	4게임	5게임	합계	평균	등수	포인트	비고	게임 수												
	1							0	0	0 															
	2							0	0	0 															
	3							0	0	0 															
	4							0	0	0 															
	5							0	0	0 															
	6							0	0	0 															
	7							0	0	0 															
	8							0	0	0 															
	9							0	0	0 															
	10							0	0	0 															
	11							0	0	0 															
	12							0	0	0 															
	13							0	0	0 															
	14							0	0	0 															
5월 4주차	2026-05-25																								
	정보		점수																						
	번호	이름	1게임	2게임	3게임	4게임	5게임	합계	평균	등수	포인트	비고	게임 수												
	1							0	0	0 															
	2							0	0	0 															
	3							0	0	0 															
	4							0	0	0 															
	5							0	0	0 															
	6							0	0	0 															
	7							0	0	0 															
	8							0	0	0 															
	9							0	0	0 															
	10							0	0	0 															
	11							0	0	0 															
	12							0	0	0 															
	13							0	0	0 															
	14							0	0	0 															
6월 1주차	2026-06-01																								
	정보		점수																						
	번호	이름	1게임	2게임	3게임	4게임	5게임	합계	평균	등수	포인트	비고	게임 수												
	1	배세영	146	176				322	161	12 			2												
	2	주성연		203	184	203		590	196.6666667	5 															
	3	유기환	196	171	245	192		804	201	4 															
	4	전형서	245	229	258	224		956	239	1 															
	5	양승우	107	154	189	99		549	137.25	13 															
	6	한미화	190	131	163			484	161.3333333	11 															
	7	박남석	206	184	195	165		750	187.5	7 															
	8	여선주	178	146	192	187		703	175.75	8 															
	9	이무석	233	183	239	184		839	209.75	3 															
	10	이정섭	243	214	222	192		871	217.75	2 															
	11	민형석	170	188	177	151		686	171.5	10 															
	12	최민우		181	194	193		568	189.3333333	6 															
	13	심대승	139	232	180	138		689	172.25	9 			4												
	14							0	0	0 															
6월 2주차	2026-06-08																								
	정보		점수																						
	번호	이름	1게임	2게임	3게임	4게임	5게임	합계	평균	등수	포인트	비고	게임 수												
	1	전형서	213	214	168	191		786	196.5	2 			4												
	2	이무석	202	150	161	194		707	176.75	5 															
	3	양승우	131	146	124	145		546	136.5	11 															
	4	박남석	163	166	189	199		717	179.25	3 															
	5	김엘리사	167	154	157	153		631	157.75	9 															
	6	이정섭	175	192	216	277		860	215	1 															
	7	최민우	172	151	147	177		647	161.75	7 															
	8	유기환	175	195	153	114		637	159.25	8 															
	9	정귀진	168	156	214	119		657	164.25	6 															
	10	형지영	153	147	153	163		616	154	10 															
	11	전주원	194	204	176	138		712	178	4 															
	12							0	0	0 															
	13							0	0	0 															
	14							0	0	0 															
6월 3주차	2026-06-15																								
	정보		점수																						
	번호	이름	1게임	2게임	3게임	4게임	5게임	합계	평균	등수	포인트	비고	게임 수												
	1	전형서	188	216	205	194		803	200.75	3 			4												
	2	양승우	221	208	177	223		829	207.25	2 			4												
	3	이무석	202	191	163	188		744	186	7 			4												
	4	권준하	150	117	197	258		722	180.5	9 			4												
	5	이세찬	116	144	184	204		648	162	11 			4												
	6	전주원	181	179	171	214		745	186.25	6 			4												
	7	이정섭	264	219	189	214		886	221.5	1 			4												
	8	유제민	178	162	165	144		649	162.25	10 			4												
	9	박남석	226	169	168	211		774	193.5	4 			4												
	10	김엘리사	183	216	177	168		744	186	7 			4												
	11	김세휘	120	131	142	118		511	127.75	12 			4												
	12	최민우	179	237	165	191		772	193	5 			4												
	13							0	0	0 															
	14							0	0	0 															
6월 4주차	2026-06-22																								
	정보		점수																						
	번호	이름	1게임	2게임	3게임	4게임	5게임	합계	평균	등수	포인트	비고	게임 수												
	1	이정섭	175	140				315	157.5	7 			2												
	2	이무석	212	188	186	182		768	192	3 			4												
	3	박남석	178	175	135	197		685	171.25	5 			4												
	4	양승우	130	129	201	123		583	145.75	11 			4												
	5	유제민	134	131	144	162		571	142.75	12 			4												
	6	전주원		142	167	156		465	155	8 			3												
	7	전형서	257	241	180	196		874	218.5	1 			4												
	8	정귀진	163	152	159	158		632	158	6 			4												
	9	여선주	191	153	211	181		736	184	4 			4												
	10	민형석	151	150	159	153		613	153.25	10 			4												
	11	김엘리사	159	187	128	142		616	154	9 			4												
	12	주성연		196	214	195		605	201.6666667	2 			3												
	13							0	0	0 															
	14							0	0	0 															
6월 5주차	2026-06-29																								
	정보		점수																						
	번호	이름	1게임	2게임	3게임	4게임	5게임	합계	평균	등수	포인트	비고	게임 수												
	1	이성현	143	163	174	182		662	165.5	9 			4												
	2	김엘리사	145	137	204	189		675	168.75	8 			4												
	3	전형서	247	207	193	192		839	209.75	2 			4												
	4	박남석	180	169	192	223		764	191	4 			4												
	5	정귀진	159	177	198	182		716	179	6 			4												
	6	양승우	177	140	164	164		645	161.25	11 			4												
	7	유제민	139	168	159	192		658	164.5	10 			4												
	8	이정섭	259	230	203	209		901	225.25	1 			4												
	9	이무석	160	213	223	175		771	192.75	3 			4												
	10	최민우	161	188	214	146		709	177.25	7 			4												
	11	심대승		160	186	204		550	183.3333333	5 			3												
	12							0	0	0 															
	13							0	0	0 															
	14							0	0	0 															
7월 1주차	2026-07-06																								
	정보		점수																						
	번호	이름	1게임	2게임	3게임	4게임	5게임	합계	평균	등수	포인트	비고	게임 수												
	1	이무석	168	201	153	182		704	176	3 			4												
	2	박남석	153	165	129	128		575	143.75	6 			4												
	3	양승우	182	183	100	191		656	164	4 			4												
	4	유기환	245	182	161	267		855	213.75	1 			4												
	5	정귀진	166	148	152	144		610	152.5	5 			4												
	6	전형서		193	162	212		567	189	2 			3												
	7							0	0	0 															
	8							0	0	0 															
	9							0	0	0 															
	10							0	0	0 															
	11							0	0	0 															
	12							0	0	0 															
	13							0	0	0 															
	14							0	0	0 															
7월 2주차	2026-07-13																								
	정보		점수																						
	번호	이름	1게임	2게임	3게임	4게임	5게임	합계	평균	등수	포인트	비고	게임 수												
	1	이정섭	156	186	192	158		692	173	4 			4												
	2	유기환	150	201	160	205		716	179	2 			4												
	3	이무석	146	231	144	146		667	166.75	7 			4												
	4	양승우	145	111	178	122		556	139	9 			4												
	5	전형서	219	226	209	212		866	216.5	1 			4												
	6	박남석	181	144	169	192		686	171.5	5 			4												
	7	민형석	197	168	154	162		681	170.25	6 			4												
	8	유제민	149	119	203	143		614	153.5	8 			4												
	9	김엘리사	179	181	163	187		710	177.5	3 			4												
	10							0	0	0 															
	11							0	0	0 															
	12							0	0	0 															
	13							0	0	0 															
	14							0	0	0 															
7월 3주차	2026-07-20																								
	정보		점수																						
	번호	이름	1게임	2게임	3게임	4게임	5게임	합계	평균	등수	포인트	비고	게임 수												
	1	전형서	119	197	151	150		617	154.25	1 			4												
	2	유기환	157	143	143	173		616	154	2 			4												
	3	정귀진	151	132	112	146		541	135.25	7 			4												
	4	김엘리사	161	169	114	160		604	151	4 			4												
	5	이정섭	147	159	136	174		616	154	2 			4												
	6	박남석	148	118	144	147		557	139.25	5 			4												
	7	이성현	156	123	107	161		547	136.75	6 			4												
	8	양승우	117	112	83	117		429	107.25	9 			4												
	9	유제민	127	133	130	147		537	134.25	8 			4												
	10							0	0	0 															
	11							0	0	0 															
	12							0	0	0 															
	13							0	0	0 															
	14							0	0	0 															
7월 4주차	2026-07-27																								
	정보		점수																						
	번호	이름	1게임	2게임	3게임	4게임	5게임	합계	평균	등수	포인트	비고	게임 수												
	1	유기환	146	172	180	236		734	183.5	2 			4												
	2	정귀진	160	201	170	188		719	179.75	3 			4												
	3	전주원	171	203	183	154		711	177.75	4 			4												
	4	박남석	192	129	139	171		631	157.75	6 			4												
	5	전형서	176	226	244	181		827	206.75	1 			4												
	6	최민우		174	158	159		491	163.6666667	5 			3												
	7							0	0	0 															
	8							0	0	0 															
	9							0	0	0 															
	10							0	0	0 															
	11							0	0	0 															
	12							0	0	0 															
	13							0	0	0 															
	14							0	0	0 															
8월 1주차	2026-08-03																								
	정보		점수																						
	번호	이름	1게임	2게임	3게임	4게임	5게임	합계	평균	등수	포인트	비고	게임 수												
	1	최민우	170	157	219	193		739	184.75	2 			4												
	2	정귀진	179	194	182	181		736	184	3 			4												
	3	전주원	208	179	157	184		728	182	4 			4												
	4	김엘리사	147	185	159	161		652	163	7 			4												
	5	박남석	118	156	224	177		675	168.75	6 			4												
	6	유기환	160	212	142	166		680	170	5 			4												
	7	민형석		194	168	193		555	185	1 			3												
	8	형지영	166	161	158	155		640	160	8 			4												
	9							0	0	0 															
	10							0	0	0 															
	11							0	0	0 															
	12							0	0	0 															
	13							0	0	0 															
	14							0	0	0 															
8월 2주차	2026-08-10																								
	정보		점수																						
	번호	이름	1게임	2게임	3게임	4게임	5게임	합계	평균	등수	포인트	비고	게임 수												
	1							0	0	0 															
	2							0	0	0 															
	3							0	0	0 															
	4							0	0	0 															
	5							0	0	0 															
	6							0	0	0 															
	7							0	0	0 															
	8							0	0	0 															
	9							0	0	0 															
	10							0	0	0 															
	11							0	0	0 															
	12							0	0	0 															
	13							0	0	0 															
	14							0	0	0 															
8월 3주차	2026-08-17																								